function A = lara17r4
%lara17r4   A 4-by-4 matrix from \cite[Benchmark #4]{lara17}, \cite[Problem 4]{zhao17}.

A = [-1.000000000000312e-04         0                  0      0;
             1.000000000000000e-04 -1.000000000009379e-04     0      0;
             0  1.000000000000000e-04 -1.188523972153541e-06  0;
             0     0          1.188523972153541e-06 -1.024464026382002e-14];