function A = mopa03r2
%mopa03r2   A 3-by-3 matrix from \cite{mopa03}.

a1 = 0.01145; a2 = 0.2270;
A = [-a1        0   0
    0.3594*a1  -a2  0
    0.6406*a1   a2  0];