function A = lara17r3
%lara17r3   A 3-by-3 matrix from \cite[Benchmark #3]{lara17}, \cite[Problem 3]{zhao17}.

A = [-2.421897905520424e-03            0      5.383443102348909e-03;
             0                -3.200125487349701e-04            0;
             0                 3.200125487349701e-04 -5.398342527725431e-03];